0 1 40
1 2 70
1 14 75
2 3 65
3 4 95
4 5 70
5 6 70
6 7 75
6 15 75
7 8 65
8 9 80
9 10 90
9 16 75
10 11 95
11 12 90
12 13 90
13 17 75
14 18 75
15 19 75
16 20 75
17 21 75
18 22 70
19 23 70
20 24 70
21 25 70
22 26 85
23 27 85
24 28 85
25 29 85
26 30 95
27 31 95
28 32 95
29 33 95
30 34 90
31 35 90
32 36 90
33 37 90
34 38 90
35 39 90
36 40 90
37 41 90
38 42 80
39 43 80
40 44 80
41 45 80
42 46 80
43 47 80
44 48 80
45 49 80
46 51 85
47 56 85
48 59 85
49 63 85
50 51 40
51 52 70
52 53 65
53 54 95
54 55 70
55 56 70
56 57 75
57 58 65
58 59 80
59 60 90
60 61 95
61 62 90
62 63 90
