0 3 70
1 6 70
2 11 70
3 4 70
3 13 75
4 5 85
5 6 80
6 7 90
6 14 75
7 8 75
7 15 75
8 9 70
8 16 75
9 10 65
10 11 55
11 12 65
12 17 75
12 18 96
13 19 70
14 15 90
14 22 70
15 16 75
15 23 70
16 24 70
17 18 60
17 28 70
19 20 70
19 29 95
20 21 85
21 22 80
22 23 90
22 30 95
23 24 75
24 25 70
25 26 65
26 27 55
27 28 65
27 31 95
29 32 95
29 33 70
30 34 70
31 35 70
32 33 65
32 36 85
32 38 91
33 37 91
33 38 65
34 39 65
35 40 65
36 37 55
36 42 81
37 38 65
38 43 69
39 44 60
40 45 60
41 46 81
42 47 120
43 48 85
44 49 85
45 50 85
46 51 123
47 52 109
48 53 75
49 56 75
50 60 75
51 61 106
52 64 116
53 54 75
53 65 85
54 55 65
55 56 60
56 57 80
56 66 85
57 58 100
58 59 100
59 60 75
60 62 45
61 63 71
62 63 105
62 67 40
63 68 55
65 69 95
66 70 95
67 71 95
69 72 100
70 73 100
71 74 100
72 75 125
73 77 125
74 81 125
75 76 75
75 82 75
76 77 125
76 83 75
77 78 80
77 84 75
78 79 100
79 80 100
80 81 75
82 83 75
82 85 65
83 86 65
84 87 65
85 86 75
