0 435 15
1 670 15
2 1025 15
3 435 85
4 505 85
5 590 85
6 670 85
7 760 85
8 835 85
9 905 85
10 970 85
11 1025 85
12 1090 85
13 435 160
14 670 160
15 760 160
16 835 160
17 1090 160
18 1150 160
19 435 230
20 505 230
21 590 230
22 670 230
23 760 230
24 835 230
25 905 230
26 970 230
27 1025 230
28 1090 230
29 435 325
30 670 325
31 1025 325
32 370 395
33 435 395
34 670 395
35 1025 395
36 315 460
37 370 460
38 435 460
39 670 460
40 1025 460
41 1405 460
42 260 520
43 470 520
44 670 520
45 1025 520
46 1350 520
47 175 605
48 470 605
49 670 605
50 1025 605
51 1260 605
52 95 680
53 470 680
54 545 680
55 610 680
56 670 680
57 750 680
58 850 680
59 950 680
60 1025 680
61 1185 680
62 1025 725
63 1130 725
64 15 765
65 470 765
66 670 765
67 1025 765
68 1130 780
69 470 860
70 670 860
71 1025 860
72 470 960
73 670 960
74 1025 960
75 470 1085
76 545 1085
77 670 1085
78 750 1085
79 850 1085
80 950 1085
81 1025 1085
82 470 1160
83 545 1160
84 670 1160
85 470 1225
86 545 1225
87 670 1225