0 20 25
1 615 25
2 975 25
3 20 70
4 615 70
5 710 70
6 795 70
7 890 70
8 975 70
9 20 125
10 615 125
11 975 125
12 20 185
13 615 185
14 975 185
15 20 250
16 615 250
17 975 250
18 20 320
19 615 320
20 975 320
21 20 440
22 105 440
23 185 440
24 615 440
25 975 440
26 20 495
27 615 495
28 975 495
29 20 570
30 615 570
31 975 570
32 20 645
33 615 645
34 975 645
35 20 715
36 615 715
37 975 715
38 20 790
39 615 790
40 975 790
41 20 895
42 85 895
43 155 895
44 615 895
45 710 895
46 795 895
47 890 895
48 975 895