0 15 25
1 55 25
2 125 25
3 190 25
4 285 25
5 355 25
6 425 25
7 500 25
8 565 25
9 645 25
10 735 25
11 830 25
12 920 25
13 1010 25
14 55 100
15 425 100
16 645 100
17 1010 100
18 55 175
19 425 175
20 645 175
21 1010 175
22 55 245
23 425 245
24 645 245
25 1010 245
26 55 330
27 425 330
28 645 330
29 1010 330
30 55 425
31 425 425
32 645 425
33 1010 425
34 55 515
35 425 515
36 645 515
37 1010 515
38 55 605
39 425 605
40 645 605
41 1010 605
42 55 685
43 425 685
44 645 685
45 1010 685
46 55 765
47 425 765
48 645 765
49 1010 765
50 15 850
51 55 850
52 125 850
53 190 850
54 285 850
55 355 850
56 425 850
57 500 850
58 565 850
59 645 850
60 735 850
61 830 850
62 920 850
63 1010 850